3,5
3,4
4294967278,288
3,3
3,2
3,1
4294967294,187
4294967278,287
2,4
2,3
2,2
2,1
4294967294,1414
4294967294,1413
4294967294,471
4294967294,83
4294967278,286
4294967293,131
4294967293,130
4294967293,129
4294967293,128
4294967293,127
4294967293,126
4294967293,125
4294967293,124
4294967293,123
4294967293,122
4294967293,121
4294967293,120
4294967293,119
4294967293,118
4294967293,117
4294967293,116
4294967293,115
4294967293,114
4294967293,113
4294967293,112
4294967293,111
4294967293,110
4294967293,109
4294967293,108
4294967293,107
4294967293,106
4294967293,105
4294967293,104
4294967293,103
4294967293,102
4294967293,101
4294967293,100
4294967293,99
4294967293,98
4294967293,97
4294967293,96
4294967293,95
4294967293,94
4294967293,93
4294967293,92
4294967293,91
4294967293,90
4294967293,89
4294967293,88
4294967293,87
4294967293,86
4294967293,85
4294967293,84
4294967293,83
4294967293,82
4294967293,81
4294967293,80
4294967293,79
4294967293,78
4294967293,77
4294967293,76
4294967293,75
4294967293,74
4294967293,73
4294967293,72
4294967293,71
4294967293,70
4294967293,69
4294967293,68
4294967293,67
4294967293,66
4294967293,65
4294967293,64
4294967293,63
4294967293,62
4294967293,61
4294967293,60
4294967293,59
4294967293,58
4294967293,57
4294967293,56
4294967293,55
4294967293,54
4294967293,53
4294967293,52
4294967293,51
4294967293,50
4294967293,49
4294967293,48
4294967293,47
4294967293,46
4294967293,45
4294967293,44
4294967293,43
4294967293,42
4294967293,41
4294967293,40
4294967293,39
4294967293,38
4294967293,37
4294967293,36
4294967293,35
4294967293,34
4294967293,33
4294967293,32
4294967293,31
4294967293,30
4294967293,29
4294967293,28
4294967293,27
4294967293,26
4294967293,25
4294967293,24
4294967293,23
4294967293,22
4294967293,21
4294967293,20
4294967293,19
4294967293,18
4294967293,17
4294967293,16
4294967293,15
4294967293,14
4294967293,13
4294967293,12
4294967293,11
4294967293,10
4294967293,9
4294967293,8
4294967293,7
4294967293,6
4294967293,5
4294967293,4
4294967293,3
4294967293,2
4243767290,0
4243767289,0
4243767288,0
4243767287,0
4243767286,0
4243767285,0
4243767284,0
4243767283,0
4243767282,0
4243767281,0
4294967293,0
4294967279,394
4294967279,393
4294967279,392
4294967279,391
4294967279,390
4294967279,389
4294967279,388
4294967279,387
4294967279,386
4294967279,385
4294967279,384
4294967279,447
4294967279,446
4294967279,445
4294967279,444
4294967279,443
4294967279,442
4294967279,441
4294967279,440
4294967279,439
4294967279,438
4294967279,437
4294967279,436
4294967279,435
4294967279,434
4294967279,433
4294967279,432
4294967279,431
4294967279,430
4294967279,429
4294967279,428
4294967279,427
4294967279,426
4294967279,425
4294967279,424
4294967279,423
4294967279,422
4294967279,421
4294967279,420
4294967279,419
4294967279,418
4294967279,417
4294967279,416
4294967279,479
4294967279,478
4294967279,477
4294967279,476
4294967279,475
4294967279,474
4294967279,473
4294967279,472
4294967279,471
4294967279,470
4294967279,469
4294967279,468
4294967279,467
4294967279,466
4294967279,465
4294967279,464
4294967279,463
4294967279,462
4294967279,461
4294967279,460
4294967279,459
4294967279,458
4294967279,457
4294967279,456
4294967279,455
4294967279,454
4294967279,453
4294967279,452
4294967279,451
4294967279,450
4294967279,449
4294967279,448
4294967279,485
4294967279,484
4294967279,483
4294967279,482
4294967279,481
4294967279,480
4294967294,186
4294967294,127
4294967294,126
4294967294,107
4294967294,106
4294967294,105
4294967294,104
4294967294,971
4294967294,965
4294967294,59
4294967294,58
4294967294,46
4294967294,29
4294967294,28
4294967294,27
4294967294,26
4294967294,25
4294967294,12
4294967294,9
4294967294,8
4294967294,5
4294967294,2
4294967294,0
4294967294,470
4294967294,469
4294967294,468
4294967294,467
4294967294,466
4294967294,465
4294967294,460
4294967294,459
4294967294,458
4294967294,457
4294967294,454
4294967294,414
4294967294,409
4294967294,394
4294967294,133
4294967294,131
4294967294,130
4294967294,129
4294967294,1215
4294967294,1214
4294967294,1213
4294967294,1212
4294967294,1211
4294967294,1210
4294967294,1209
4294967294,1208
4294967294,1207
4294967294,1206
4294967294,1205
4294967294,1204
4294967294,1203
4294967294,1202
4294967294,1201
4294967294,1200
4294967294,1199
4294967294,1198
4294967294,1197
4294967294,1196
4294967294,1195
4294967294,1194
4294967294,1193
4294967294,1192
4294967294,1191
4294967294,1190
4294967294,1189
4294967294,1188
4294967294,1187
4294967294,1186
4294967294,1185
4294967294,1184
4294967294,1247
4294967294,1246
4294967294,1245
4294967294,1244
4294967294,1243
4294967294,1242
4294967294,1241
4294967294,1240
4294967294,1239
4294967294,1238
4294967294,1237
4294967294,1236
4294967294,1235
4294967294,1234
4294967294,1233
4294967294,1232
4294967294,1231
4294967294,1230
4294967294,1229
4294967294,1228
4294967294,1227
4294967294,1226
4294967294,1225
4294967294,1224
4294967294,1223
4294967294,1222
4294967294,1221
4294967294,1220
4294967294,1219
4294967294,1218
4294967294,1217
4294967294,1216
4294967294,959
4294967294,958
4294967294,957
4294967294,956
4294967294,955
4294967294,954
4294967294,953
4294967294,952
4294967294,951
4294967294,950
4294967294,949
4294967294,948
4294967294,1119
4294967294,1118
4294967294,1117
4294967294,1116
4294967294,1115
4294967294,1114
4294967294,1113
4294967294,1112
4294967294,1111
4294967294,1110
4294967294,1109
4294967294,1108
4294967294,1107
4294967294,1106
4294967294,1105
4294967294,1104
4294967294,1103
4294967294,1102
4294967294,1101
4294967294,1100
